# WMM2025 Geomagnetic Model Coefficients
# Source: NOAA National Centers for Environmental Information (NCEI) and
#         British Geological Survey (BGS)
# Reference: The US/UK World Magnetic Model for 2025-2030
# Valid epoch: 2025.0 to 2030.0
# License: Public Domain (US Government Work; BGS Open Government Licence)
# Format: n m gnm hnm dgnm dhnm
  2025.0            WMM-2025        12/31/2024
  1  0  -29351.8       0.0       10.7        0.0
  1  1   -1410.8    4545.4        8.4       -5.5
  2  0   -2556.6       0.0      -8.5        0.0
  2  1    2950.9   -3113.8       2.4       -0.3
  2  2    1648.9    -815.3      -1.8       -3.7
  3  0    1360.1       0.0       1.1        0.0
  3  1   -2404.2     -56.3      -3.8        2.5
  3  2    1244.8     237.5      -0.6       -0.3
  3  3     453.0    -549.9      -3.0       -0.2
  4  0     895.1       0.0       0.2        0.0
  4  1     799.5     278.6       1.4       -0.4
  4  2     551.7    -136.0       0.2        0.4
  4  3    -325.8    -231.6      -2.0       -0.6
  4  4     137.4      27.2      -0.5       -0.5
  5  0    -233.0       0.0      -0.5        0.0
  5  1     349.7      47.4       0.7        0.1
  5  2     222.7     195.4       0.4       -0.5
  5  3     193.6      35.8       0.0        0.3
  5  4    -188.1    -259.9       0.3        0.5
  5  5    -137.9     -34.9      -1.1       -0.1
  6  0     -45.4       0.0       0.2        0.0
  6  1     212.0      68.1      -0.2        0.1
  6  2     345.3    -170.3      -0.3        0.2
  6  3     220.8    -38.3       0.0        0.1
  6  4    -188.5    -20.4       0.2        0.2
  6  5     -13.6       0.0       0.1        0.0
  6  6      78.3    -165.2       0.7       -0.1
  7  0      79.5       0.0       0.2        0.0
  7  1     -73.4      40.3      -0.3        0.1
  7  2     -27.7      12.5       0.1        0.1
  7  3      79.4      22.7       0.1       -0.5
  7  4    -136.7      -9.2      -0.3        0.3
  7  5      16.6      22.5       0.1       -0.2
  7  6      77.3     -30.4      -0.4        0.1
  7  7     -56.1     -28.3       0.3       -0.1
  8  0      23.9       0.0      -0.2        0.0
  8  1       8.9      10.4       0.1        0.0
  8  2     -16.0     -18.1      -0.1        0.4
  8  3       2.7       9.8       0.0        0.0
  8  4      10.6     -23.3       0.1        0.3
  8  5     -57.1     -15.1       0.1        0.0
  8  6      -3.5      -2.0       0.0        0.0
  8  7     -21.9      14.5       0.2        0.0
  8  8      12.1      -2.6       0.0        0.0
  9  0       7.7       0.0       0.1        0.0
  9  1      12.8       2.9       0.0        0.0
  9  2       7.8      -0.4       0.0        0.0
  9  3      -6.0      -6.1       0.0       -0.1
  9  4      -9.4       5.2      -0.1       -0.1
  9  5      -4.1      -3.5       0.0       -0.1
  9  6     -12.7       9.7      -0.2        0.0
  9  7       8.5       1.6       0.0        0.0
  9  8       9.1     -11.3       0.0       -0.1
  9  9      -5.2       8.7       0.0        0.0
 10  0      -4.8       0.0       0.0        0.0
 10  1      -0.9      -1.2       0.0        0.0
 10  2      -2.5       0.9       0.0        0.0
 10  3       0.7       0.6       0.0        0.0
 10  4     -10.3       4.2       0.0        0.0
 10  5       3.6       0.8       0.0        0.0
 10  6       2.2       3.1       0.0        0.0
 10  7       0.8       1.7       0.0        0.0
 10  8       3.9       2.7       0.0        0.0
 10  9      -0.9      -0.1       0.0        0.0
 10 10      -0.4       2.4       0.0        0.0
 11  0      -0.2       0.0       0.0        0.0
 11  1       2.2       0.3       0.0        0.0
 11  2       0.4      -0.5       0.0        0.0
 11  3       0.3      -0.4       0.0        0.0
 11  4       1.3       0.5       0.0        0.0
 11  5      -0.2       0.3       0.0        0.0
 11  6       0.2       0.0       0.0        0.0
 11  7       0.0      -0.7       0.0        0.0
 11  8       0.8      -0.3       0.0        0.0
 11  9       1.0       0.8       0.0        0.0
 11 10       1.0       0.8       0.0        0.0
 11 11      -0.1      -0.6       0.0        0.0
 12  0       0.3       0.0       0.0        0.0
 12  1      -0.7      -0.2       0.0        0.0
 12  2       0.2       0.4       0.0        0.0
 12  3      -0.6      -0.3       0.0        0.0
 12  4      -0.1      -0.2       0.0        0.0
 12  5       0.4      -0.1       0.0        0.0
 12  6       0.2      -0.2       0.0        0.0
 12  7       0.3      -0.7       0.0        0.0
 12  8      -0.1      -0.2       0.0        0.0
 12  9       0.4       0.1       0.0        0.0
 12 10       0.0      -0.1       0.0        0.0
 12 11       0.1       0.2       0.0        0.0
 12 12      -0.6       0.0       0.0        0.0
999999999999999999999999999999999999999999999999
999999999999999999999999999999999999999999999999
